0.0254
0.0270
0.0516
0.0550
0.1068
0.113
0.1138
0.1140
0.2505
0.3691
0.390
1.0510545
1.0576
1.0850702
1.110180
1.110187
1.236662
1.4115
1.4656
1.551145
1.551532
106.38
11.46
111.36
126.73
13.6401
13.8528
13.8915
13.97
136.44
14.3607
14.7342
14.7814
14.8512
14.8882
14.9447
15.06
15.9242
18.8024
19.3209
19.95
19980
20.0199
21.03
21.3545
21.5040
21.5872
21.75
215.90
22.4998
22.94
23.61
231.21
239.35
24.4280
247.10
249.44
299.94
307.69
31.10
318.47
33.23
388.35
4.1250
4.26
482.39
53.26
612.00
621.89
63.04
63.30
77.00
8.99
815.66
827.81
974.66
